28	
28	
7.96561e-07	2.25368e-07	1.72588e-08	7.03873e-08	1.08185e-07	6.20209e-08	-1.97254e-08	-4.17552e-08	-2.39255e-09	1.74563e-08	1.91034e-08	1.26306e-08	-7.5008e-10	-1.03298e-08	-1.07004e-08	-1.04778e-08	-1.27959e-08	8.83793e-08	3.34616e-08	7.03182e-09	-1.13407e-08	2.54837e-07	6.95141e-09	-1.88674e-08	-5.80411e-08	-5.10894e-08	-6.09917e-08	-2.50331e-09	
2.25368e-07	3.03596e-07	1.91373e-07	9.89649e-08	5.54101e-08	3.57619e-08	2.17951e-08	3.69444e-09	-6.86736e-11	3.7704e-09	7.07456e-09	1.10401e-08	1.16591e-08	9.83867e-09	5.05793e-09	5.49646e-09	3.82442e-09	1.02854e-07	1.68611e-08	1.31314e-08	9.69824e-09	1.14963e-07	1.25244e-08	-4.67296e-08	-4.60812e-08	-6.54134e-08	-6.18519e-08	-7.90699e-09	
1.72588e-08	1.91373e-07	2.2143e-07	1.84031e-07	1.1375e-07	4.10986e-08	1.549e-08	2.1359e-08	1.71915e-08	8.50313e-09	7.45961e-09	6.27228e-09	3.849e-09	3.87461e-09	5.51164e-09	7.20078e-09	3.12834e-09	1.25469e-07	-1.57967e-08	-5.28053e-09	9.66611e-09	6.52016e-08	2.81441e-08	-3.26406e-08	-4.78954e-08	-3.36546e-08	-4.35521e-08	-1.21089e-08	
7.03873e-08	9.89649e-08	1.84031e-07	2.79563e-07	2.69518e-07	1.61549e-07	4.95698e-08	9.7035e-09	2.01483e-08	1.71392e-08	1.07995e-08	5.97339e-09	1.87608e-09	2.13539e-09	4.71353e-09	4.26623e-09	2.37375e-09	4.76884e-08	-3.34779e-08	-3.31635e-08	6.42174e-09	-1.7902e-08	-2.11289e-08	9.41448e-09	-9.38772e-09	-3.1058e-08	-2.66665e-08	-1.23292e-08	
1.08185e-07	5.54101e-08	1.1375e-07	2.69518e-07	3.50521e-07	3.06276e-07	1.58626e-07	3.71042e-08	1.66356e-08	2.31704e-08	1.3087e-08	8.02029e-09	9.54944e-09	1.39716e-08	9.79754e-09	1.09418e-09	7.2605e-10	-1.269e-07	-4.7195e-08	-6.44127e-08	2.9245e-09	-1.47359e-07	-8.32556e-08	2.00264e-08	4.3741e-08	-5.96821e-08	-2.59194e-08	-1.18306e-08	
6.20209e-08	3.57619e-08	4.10986e-08	1.61549e-07	3.06276e-07	3.99676e-07	3.2308e-07	1.47974e-07	2.6933e-08	2.3713e-08	1.46707e-08	9.53628e-09	1.70233e-08	2.65905e-08	1.49178e-08	-1.70697e-09	-4.62715e-09	-2.68535e-07	-5.43743e-08	-9.07642e-08	-2.61525e-09	-2.13407e-07	-8.12786e-08	-2.1056e-08	5.95787e-08	-8.5653e-08	-2.82469e-08	-1.54107e-08	
-1.97253e-08	2.17951e-08	1.549e-08	4.95698e-08	1.58626e-07	3.2308e-07	3.86887e-07	2.84937e-07	8.43527e-08	3.13997e-08	1.79582e-08	3.80421e-09	3.38085e-09	1.09014e-08	5.79769e-09	-4.39762e-09	-7.2826e-09	-2.0978e-07	-4.35545e-08	-7.80457e-08	-7.56179e-09	-1.2311e-07	9.87034e-09	-6.30417e-08	-4.24734e-09	-7.45689e-08	-2.00373e-08	-2.25526e-08	
-4.17552e-08	3.69444e-09	2.1359e-08	9.7035e-09	3.71042e-08	1.47974e-07	2.84937e-07	3.3237e-07	1.77488e-07	7.06653e-08	3.02461e-08	5.9739e-10	-1.31459e-08	-1.26522e-08	-8.24129e-09	-1.16694e-08	-1.24225e-08	-9.8395e-08	-4.1041e-08	-4.33809e-08	-1.19751e-08	4.28939e-10	7.825e-08	-1.40928e-10	-5.06536e-08	-5.09584e-08	-2.27685e-08	-1.10241e-08	
-2.39255e-09	-6.86749e-11	1.71915e-08	2.01483e-08	1.66356e-08	2.69331e-08	8.43527e-08	1.77488e-07	2.1523e-07	1.56827e-07	7.71534e-08	1.4359e-08	-1.57968e-08	-1.45951e-08	-6.63242e-10	-1.09907e-08	-2.83459e-08	4.26243e-09	-1.86036e-08	1.45946e-08	-1.82203e-08	4.22251e-08	-5.9464e-08	6.43333e-08	3.88177e-08	-3.93411e-08	-1.82001e-08	4.30385e-08	
1.74562e-08	3.7704e-09	8.50313e-09	1.71392e-08	2.31704e-08	2.3713e-08	3.13997e-08	7.06653e-08	1.56827e-07	1.9532e-07	1.52021e-07	7.87368e-08	1.79132e-08	-4.15569e-09	3.06323e-09	3.6662e-09	-1.45793e-08	1.17545e-07	-1.67418e-08	8.90129e-09	-1.66809e-08	6.00097e-08	-1.18689e-07	8.68785e-09	8.26829e-08	-3.394e-08	-1.68368e-08	7.84721e-08	
1.91034e-08	7.07456e-09	7.45961e-09	1.07995e-08	1.3087e-08	1.46708e-08	1.79582e-08	3.02461e-08	7.71534e-08	1.52021e-07	1.88351e-07	1.61393e-07	9.09746e-08	2.99378e-08	5.21537e-09	1.44557e-08	1.74607e-08	2.34036e-07	-1.13753e-08	8.81124e-09	1.07886e-08	6.94391e-08	-3.4734e-08	-5.35498e-08	-1.78427e-08	-2.57507e-08	2.35194e-09	1.13412e-07	
1.26306e-08	1.10401e-08	6.27228e-09	5.97339e-09	8.02029e-09	9.53628e-09	3.80421e-09	5.97388e-10	1.4359e-08	7.87368e-08	1.61393e-07	2.10918e-07	1.8641e-07	1.21914e-07	4.78295e-08	2.07441e-08	1.85504e-08	1.84378e-07	-4.11164e-09	1.95255e-08	3.67973e-08	1.03173e-08	4.82818e-08	-2.85184e-08	-8.15226e-08	-9.03181e-09	3.98892e-08	1.63866e-07	
-7.50083e-10	1.16591e-08	3.849e-09	1.87607e-09	9.54944e-09	1.70233e-08	3.38085e-09	-1.31459e-08	-1.57968e-08	1.79132e-08	9.09746e-08	1.8641e-07	2.29337e-07	2.07742e-07	1.1435e-07	3.68769e-08	-4.1851e-09	1.26171e-07	-1.68323e-09	1.63029e-08	3.17372e-08	-4.72086e-08	6.69127e-08	2.0942e-08	-5.60763e-08	4.15704e-09	5.68148e-08	1.56905e-07	
-1.03298e-08	9.83867e-09	3.87461e-09	2.13539e-09	1.39716e-08	2.65905e-08	1.09014e-08	-1.26522e-08	-1.45951e-08	-4.15569e-09	2.99378e-08	1.21914e-07	2.07742e-07	2.4353e-07	1.74489e-07	7.64025e-08	-1.13682e-08	2.16441e-07	-3.8195e-09	7.10726e-09	-4.81875e-09	-3.09411e-08	4.1451e-08	3.92171e-08	2.53793e-09	4.48197e-09	4.78399e-08	1.09583e-07	
-1.07004e-08	5.05793e-09	5.51164e-09	4.71353e-09	9.79754e-09	1.49178e-08	5.79769e-09	-8.24129e-09	-6.63241e-10	3.06323e-09	5.21537e-09	4.78295e-08	1.1435e-07	1.74489e-07	1.70379e-07	1.19817e-07	2.54351e-08	5.33125e-07	-5.48068e-09	-3.4391e-09	-4.26794e-08	1.71167e-07	1.3737e-08	1.36961e-08	2.99223e-08	-6.38545e-09	1.32437e-08	2.7123e-08	
-1.04778e-08	5.49645e-09	7.20078e-09	4.26623e-09	1.09418e-09	-1.70697e-09	-4.39762e-09	-1.16694e-08	-1.09907e-08	3.6662e-09	1.44557e-08	2.07441e-08	3.68769e-08	7.64025e-08	1.19817e-07	1.61701e-07	1.34192e-07	8.10159e-07	-4.33908e-09	-7.20304e-09	-1.2412e-08	4.46419e-07	2.66778e-08	-2.16613e-08	3.70054e-09	-1.13384e-08	-6.95266e-09	-1.23597e-08	
-1.27959e-08	3.82441e-09	3.12834e-09	2.37375e-09	7.26053e-10	-4.62715e-09	-7.2826e-09	-1.24225e-08	-2.83459e-08	-1.45793e-08	1.74607e-08	1.85504e-08	-4.1851e-09	-1.13682e-08	2.54351e-08	1.34192e-07	2.48393e-07	4.98887e-07	2.72122e-09	-3.38239e-09	1.55931e-07	4.6339e-07	5.24632e-08	-2.39868e-08	-3.93181e-08	-8.10249e-09	-1.02131e-08	-1.34422e-08	
8.83793e-08	1.02854e-07	1.25469e-07	4.76884e-08	-1.269e-07	-2.68535e-07	-2.0978e-07	-9.8395e-08	4.26242e-09	1.17545e-07	2.34036e-07	1.84378e-07	1.26171e-07	2.16441e-07	5.33125e-07	8.10159e-07	4.98887e-07	1.98494e-05	-1.13559e-07	-1.33443e-07	-1.41282e-07	1.84236e-05	-1.85587e-07	-3.46723e-07	-5.71009e-08	-1.57886e-07	-1.47242e-07	-3.71681e-07	
3.34616e-08	1.68611e-08	-1.57967e-08	-3.34779e-08	-4.7195e-08	-5.43743e-08	-4.35545e-08	-4.1041e-08	-1.86036e-08	-1.67418e-08	-1.13753e-08	-4.11164e-09	-1.68323e-09	-3.8195e-09	-5.48068e-09	-4.33908e-09	2.72122e-09	-1.13559e-07	2.1441e-07	1.54395e-07	9.79562e-09	-4.77222e-08	1.30419e-08	-5.19548e-08	-3.93167e-08	1.20748e-07	1.00647e-07	5.42593e-08	
7.03182e-09	1.31314e-08	-5.28053e-09	-3.31635e-08	-6.44127e-08	-9.07642e-08	-7.80457e-08	-4.33809e-08	1.45946e-08	8.90129e-09	8.81124e-09	1.95255e-08	1.63029e-08	7.10726e-09	-3.4391e-09	-7.20305e-09	-3.38239e-09	-1.33443e-07	1.54395e-07	2.0255e-07	-1.32412e-10	-3.48875e-08	3.94678e-08	-4.54811e-08	-9.49907e-08	5.47888e-08	8.89911e-08	1.46484e-07	
-1.13407e-08	9.69824e-09	9.66611e-09	6.42174e-09	2.9245e-09	-2.61525e-09	-7.56179e-09	-1.19751e-08	-1.82203e-08	-1.66809e-08	1.07886e-08	3.67973e-08	3.17372e-08	-4.81875e-09	-4.26794e-08	-1.2412e-08	1.55931e-07	-1.41282e-07	9.79562e-09	-1.32414e-10	5.19675e-07	-1.91286e-07	4.851e-08	7.48282e-09	-2.36161e-08	-5.37178e-09	-1.4419e-09	6.09215e-11	
2.54837e-07	1.14963e-07	6.52016e-08	-1.7902e-08	-1.47359e-07	-2.13407e-07	-1.2311e-07	4.28944e-10	4.22251e-08	6.00097e-08	6.94391e-08	1.03173e-08	-4.72086e-08	-3.09411e-08	1.71167e-07	4.46419e-07	4.6339e-07	1.84236e-05	-4.77222e-08	-3.48875e-08	-1.91286e-07	2.44414e-05	-2.0179e-07	-1.34662e-07	-2.39441e-08	-6.13678e-08	-5.46275e-08	-1.13015e-07	
6.95141e-09	1.25244e-08	2.81441e-08	-2.11289e-08	-8.32556e-08	-8.12786e-08	9.87034e-09	7.825e-08	-5.9464e-08	-1.18689e-07	-3.4734e-08	4.82818e-08	6.69127e-08	4.1451e-08	1.3737e-08	2.66778e-08	5.24632e-08	-1.85587e-07	1.30419e-08	3.94678e-08	4.851e-08	-2.0179e-07	1.18111e-06	3.75265e-07	9.98563e-09	-4.86117e-08	-4.68175e-08	-6.45951e-08	
-1.88674e-08	-4.67296e-08	-3.26406e-08	9.41448e-09	2.00264e-08	-2.1056e-08	-6.30417e-08	-1.4093e-10	6.43333e-08	8.68785e-09	-5.35498e-08	-2.85184e-08	2.0942e-08	3.92171e-08	1.36961e-08	-2.16613e-08	-2.39868e-08	-3.46723e-07	-5.19548e-08	-4.54811e-08	7.48282e-09	-1.34662e-07	3.75265e-07	7.21011e-07	5.06405e-07	4.03571e-08	7.06162e-08	-7.5987e-09	
-5.80411e-08	-4.60812e-08	-4.78954e-08	-9.38772e-09	4.3741e-08	5.95787e-08	-4.24733e-09	-5.06536e-08	3.88177e-08	8.26829e-08	-1.78427e-08	-8.15226e-08	-5.60763e-08	2.53793e-09	2.99223e-08	3.70054e-09	-3.93181e-08	-5.71009e-08	-3.93167e-08	-9.49907e-08	-2.36161e-08	-2.39441e-08	9.98563e-09	5.06405e-07	6.93786e-07	4.332e-08	6.24911e-08	-9.2943e-08	
-5.10894e-08	-6.54134e-08	-3.36546e-08	-3.1058e-08	-5.96821e-08	-8.5653e-08	-7.45689e-08	-5.09584e-08	-3.93411e-08	-3.394e-08	-2.57507e-08	-9.03181e-09	4.15705e-09	4.48197e-09	-6.38545e-09	-1.13384e-08	-8.10249e-09	-1.57886e-07	1.20748e-07	5.47888e-08	-5.37179e-09	-6.13678e-08	-4.86117e-08	4.03571e-08	4.332e-08	3.0624e-07	2.77066e-07	7.49222e-08	
-6.09917e-08	-6.18519e-08	-4.35521e-08	-2.66665e-08	-2.59194e-08	-2.82469e-08	-2.00373e-08	-2.27685e-08	-1.82001e-08	-1.68368e-08	2.35193e-09	3.98892e-08	5.68148e-08	4.78399e-08	1.32437e-08	-6.95265e-09	-1.02131e-08	-1.47242e-07	1.00647e-07	8.89911e-08	-1.4419e-09	-5.46275e-08	-4.68175e-08	7.06162e-08	6.24911e-08	2.77066e-07	4.47873e-07	2.25133e-07	
-2.50332e-09	-7.90698e-09	-1.21089e-08	-1.23292e-08	-1.18306e-08	-1.54107e-08	-2.25526e-08	-1.10241e-08	4.30385e-08	7.84721e-08	1.13412e-07	1.63866e-07	1.56905e-07	1.09583e-07	2.7123e-08	-1.23597e-08	-1.34422e-08	-3.71681e-07	5.42593e-08	1.46484e-07	6.09286e-11	-1.13015e-07	-6.45951e-08	-7.5987e-09	-9.2943e-08	7.49222e-08	2.25133e-07	3.71194e-07	
